      1.7500687479      0.3572813340      0.4537866920      1.3415783494      1.1980006149      1.8222099473      0.7122604774      3.4358731613      0.0000000000      0.0000000000
      0.7992983109     14.1713349136      0.8971879958      2.4226307746      2.2610217725     -0.2575679643     -1.7351284097      0.2563012350      0.0000000000      0.0000000000
      0.8817302909     -0.0335574715      0.3987756594      0.0910702713      2.3787175190      0.4393826724      3.0089829052      1.7336935111      0.0000000000      0.0000000000
      1.2122559922     -2.2617753890      0.2435934990     -0.2802662922      2.4632164676      1.1102162003      2.1166762050      1.4252599447      0.0000000000      0.0000000000
      1.4042606312     -2.9993990603      0.2119711703     -0.0464303067      2.4613895807      1.2310070946      1.5179774898      1.9821377790      0.0000000000      0.0000000000
      1.7373300176     -2.8456422314      0.2064066867      0.3049790613      2.6763007964      0.9818102022      1.2180269092      7.9575330990      0.0000000000      0.0000000000
      1.9224220861     -2.2316836385      0.2398313485      0.5014914830      2.7655085211      0.1502230497      1.0873609014      5.2650283958      0.0000000000      0.0000000000
      2.0295674708     -0.9048085573      0.3482853216      0.7131712513      2.6466398902      0.4134119032      0.8994075937      5.3394223720      0.0000000000      0.0000000000
      2.0914017724     -3.3402942035      0.1479057386      1.5978006993      2.0647114131      2.5030512016      0.1658248786      4.7702507597      0.0000000000      0.0000000000
      0.2783743672     11.6677100883      1.4433940527      4.6934800245      2.2964278893     -0.4998596384     -2.5747028940      0.5095753028      0.0000000000      0.0000000000
      0.7909141712      0.0461110187      0.6317031456     -0.2311835622      3.0473595746      2.1023399046      3.1762170214      5.7961811482      0.0000000000      0.0000000000
      0.9333749946     -0.1623149426      0.7152255265     -0.5722047540      3.3597126173      1.1266337899      2.3987338612      2.8738819069      0.0000000000      0.0000000000
      1.1280735350     -0.1976009198      0.6920759433     -0.1872404228      2.9413551863      1.3785272689      2.2469063726      1.5730116016      0.0000000000      0.0000000000
      1.3504642320     -3.6156182254      0.1952261525      0.1355861183      3.3593150082      0.9471745876      1.5639940746      0.7813507196      0.0000000000      0.0000000000
      1.7084529806     -4.8040123811      0.1478738486      0.5037598487      3.7124038217      1.6601128471      1.2412557993      1.0337776163      0.0000000000      0.0000000000
      1.9657999323     -5.8989254120      0.1173410276      0.8257488249      3.7950496861     -0.0156796346      1.6283237163      1.4123845734      0.0000000000      0.0000000000
      1.8796814465     -1.7918672558      0.2188836429      1.5828922925      3.6218412465      0.6525286877      1.5628790844      3.0340296817      0.0000000000      0.0000000000
      0.8120477849      3.2077831067      0.7265491450      5.6324196990      2.3368507550     -2.8148211211     -0.9249536928      0.5326667425      0.0000000000      0.0000000000
      0.6229777212      0.4598658365      1.0062576628     -1.3574661808      3.2678005729      1.8730352397      3.0733040004      6.4794438076      0.0000000000      0.0000000000
      0.8955669337     -0.3196730368      0.6529550574     -0.7114730764      2.6934639460      0.4148795713      2.7596745507      4.1572236543      0.0000000000      0.0000000000
      0.8887941055     -0.0066012997      1.0787300626     -0.8412840531      3.0942813806      1.9811917137      2.9366708989      2.6197028418      0.0000000000      0.0000000000
      0.9249293933     -0.0650415781      1.0194369772     -0.8100781799      3.1994190934      1.3666346630      2.7004746183      1.9926557922      0.0000000000      0.0000000000
      0.8910306356      0.0116105065      0.7673907688     -0.7321477749      3.1865351525      0.4773540249      2.2295030415      1.4258893003      0.0000000000      0.0000000000
      0.8730274586     -0.2020240365      0.8234907812     -0.5690936866      3.0245247746      0.6660383739      2.0304690076      3.4184301443      0.0000000000      0.0000000000
      1.0692963783     -0.0451985500      0.7956000862     -0.7978421025      2.9516405455      0.4949831426      1.9683561829      3.1337436912      0.0000000000      0.0000000000
      1.1430792497     -0.8983846024      0.4194926962     -0.7081664947      2.7967091405      0.9260098769      2.2302711526      4.5345735628      0.0000000000      0.0000000000
      1.2352658732     -0.5087624261      0.6577871621     -0.5311094926      2.8624752847      1.4071496248      1.8504904266      6.3426635435      0.0000000000      0.0000000000
      1.2511161359     -0.9360254729      0.4350022430     -0.5561735098      2.9325871383      0.7430722161      2.0575510119      4.8622181062      0.0000000000      0.0000000000
      1.0995052580     -0.3137611925      0.5436327263      0.1043470768      2.8750457420      1.4792830405      2.2756603413      3.9658581319      0.0000000000      0.0000000000
      1.0059572004      0.3714666864      1.2387687941     -0.2459258932      3.2880254556      1.4211880229      2.2094576537      2.4205042838      0.0000000000      0.0000000000
      1.0390725738     -0.5637510788      0.5125789654     -0.2244771250      3.4129389757      0.6613271421      2.1544064368      2.0153453160      0.0000000000      0.0000000000
      1.2885924052     -1.5811888792      0.3834386963      0.0378446029      3.5547538315      1.3109487181      1.9327504630      1.3655709456      0.0000000000      0.0000000000
      1.4638654613     -2.5680164043      0.2781070074      0.2939641775      3.8824044195      0.9539967321      1.4451438826      1.0879161652      0.0000000000      0.0000000000
      1.7797597799     -3.3791525742      0.2053677667      0.7336233202      4.1349986852      0.0441858334      1.4813741556      0.8125045161      0.0000000000      0.0000000000
      1.6400765990     -0.9039263250      0.3191301456      1.1960377617      3.9489265588      0.8506553360      2.0308095325      3.4331186365      0.0000000000      0.0000000000
      0.8859889377      2.6191171553      3.4957602962      1.5974038323      3.6264077864     -0.7778128954      0.4032186085      1.1410555369      0.0000000000      0.0000000000
      0.5142094052      0.4517188832      0.8847073217     -0.5630850954      3.8936921777      2.4456255294      3.6036894994      5.3302096260      0.0000000000      0.0000000000
      0.8785352464     -0.4737572247      0.6739335178     -1.1059510466      3.5213571939      0.6279760783      2.6513413398      8.9866820455      0.0000000000      0.0000000000
      0.9716967887     -0.3291918172      0.8092111775     -0.7830773028      3.2417303558      0.8504097502      2.6634586616      8.0879982654      0.0000000000      0.0000000000
      0.8109573582     -0.0641706161      0.8229663676     -0.9114834757      3.5464510864      0.1275277215      2.3940154835      1.3505819625      0.0000000000      0.0000000000
      0.9361297862     -0.4365721167      0.7341667740     -0.4093603622      3.6460575764      1.0244946467      2.3527262731      1.9761405818      0.0000000000      0.0000000000
      0.9872048394     -0.1388382729      0.8802988629     -0.2717170095      3.4102131328      0.3991961865      2.0735381213      4.8306789723      0.0000000000      0.0000000000
      1.1290914832      0.0445179428      1.1234870897     -0.4691579275      3.4469009914      0.3007399180      1.7234564437      2.6167089975      0.0000000000      0.0000000000
      1.0416755409     -0.3077776724      0.5654595735     -0.2257381361      3.3043609242      0.8892405348      2.2302635382      4.9413659163      0.0000000000      0.0000000000
      1.1579060755     -0.1421769591      0.7749739189     -0.1375984198      3.3574938698      1.0358999274      2.1871313764      5.5889636514      0.0000000000      0.0000000000
      1.1371382461     -0.3718332953      0.6091511140      0.3330053570      3.4236287446      0.5910349581      1.8061408427      3.7289038580      0.0000000000      0.0000000000
      1.1490154759     -0.9003899901      0.4788100227      0.0221109296      3.6341385880      1.3306044793      1.9051691947      2.2978010245      0.0000000000      0.0000000000
      1.0811257447     -0.5034953355      0.6104947355     -0.0920402467      3.8313216784      1.0116510919      2.0424482278      2.9915912946      0.0000000000      0.0000000000
      1.0201038561     -0.3154724874      0.6518973596     -0.3096506887      3.8271624151      1.2017335753      2.8036578365      3.2084006372      0.0000000000      0.0000000000
      1.2317318949     -1.2061278491      0.4348284778      0.0088013637      4.1254263093      1.0749481071      2.0783981020      2.4592286766      0.0000000000      0.0000000000
      1.2546053590     -1.0351395610      0.4885595700      0.0730363100      3.9895425056      1.5278450966      2.0481231960      1.0482227697      0.0000000000      0.0000000000
      1.6136334955     -2.4727516433      0.2660054523      0.4356094483      4.5341418141      0.3830852785      1.8544101088      1.4124670516      0.0000000000      0.0000000000
      1.5949826440     -0.5377076044      0.4274914591      1.0199146044      4.6758001321      0.8039617911      2.1888387015      2.0699368746      0.0000000000      0.0000000000
      0.8548714270      2.1647776210      2.3114324559      1.0092039203      4.3188262237     -1.6689377641      0.5779869189      2.3426022325      0.0000000000      0.0000000000
      0.5116591821      0.3592585022      0.9734795056     -0.7528024837      2.8314213049      1.3153512507      3.2064625646      4.9766316345      0.0000000000      0.0000000000
      0.8221154800     -0.6373016543      0.6329900422     -1.1365506475      4.8914010315      0.6850807472      2.7406551784      4.7445931148      0.0000000000      0.0000000000
      0.8992637384     -0.1481956999      1.0109847900     -0.9661197708      3.6004533315      0.4068053082      2.5529621630      7.6556126582      0.0000000000      0.0000000000
      0.7835477700     -0.4595916155      0.6287499845     -1.1514088354      2.8758092017      0.2805275842      2.5391757608      2.2792827162      0.0000000000      0.0000000000
      0.6865502434     -0.6048435529      0.5401093486     -1.1092964223      2.9967129499      0.2612355874      2.4348800350      2.2265798615      0.0000000000      0.0000000000
      0.6063027416     -0.7208619618      0.4679527826     -1.0718762355      3.1042023757      0.2457254002      2.3484586230      2.2270872929      0.0000000000      0.0000000000
      0.5428052646     -0.8076468424      0.4122802864     -1.0391482749      3.1982774792      0.2339970224      2.2799115250      2.2808050104      0.0000000000      0.0000000000
      0.4960578124     -0.8651981945      0.3730918601     -1.0111125406      3.2789382603      0.2260504541      2.2292387408      2.3877330140      0.0000000000      0.0000000000
      0.4660603851     -0.8935160183      0.3503875036     -0.9877690325      3.3461847191      0.2218856952      2.1964402705      2.5478713036      0.0000000000      0.0000000000
      0.4528129826     -0.8926003136      0.3441672169     -0.9691177507      3.4000168555      0.2215027459      2.1815161141      2.7612198793      0.0000000000      0.0000000000
      0.4563156049     -0.8624510805      0.3544310001     -0.9551586951      3.4404346695      0.2249016061      2.1844662716      3.0277787411      0.0000000000      0.0000000000
      0.4765682521     -0.8030683191      0.3811788531     -0.9458918658      3.4674381612      0.2320822757      2.2052907430      3.3475478889      0.0000000000      0.0000000000
      0.5135709241     -0.7144520292      0.4244107759     -0.9413172627      3.4810273305      0.2430447548      2.2439895282      3.7205273228      0.0000000000      0.0000000000
      0.5673236209     -0.5966022109      0.4841267686     -0.9414348859      3.4812021775      0.2577890434      2.3005626274      4.1467170428      0.0000000000      0.0000000000
      0.6378263425     -0.4495188642      0.5603268311     -0.9462447354      3.4679627021      0.2763151415      2.3750100404      4.6261170489      0.0000000000      0.0000000000
      0.7250790890     -0.2732019891      0.6530109634     -0.9557468111      3.4413089043      0.2986230491      2.4673317674      5.1587273410      0.0000000000      0.0000000000
      0.8290818603     -0.0676515856      0.7621791656     -0.9699411130      3.4012407842      0.3247127662      2.5775278082      5.7445479192      0.0000000000      0.0000000000
      0.8697550816     -0.1339322663      1.0577606985     -0.9467711075      3.5004027339      0.9329386915      2.6463737671      1.9450532464      0.0000000000      0.0000000000
      1.0442533196     -0.7103642117      0.6844888492     -0.5854657957      3.6576246465      1.1124975975      2.3987259080      1.2082681633      0.0000000000      0.0000000000
      1.1429836348     -0.1700796179      0.9102124518     -0.1956906192      3.2722427492      0.3105056463      2.0862161326      5.4761913827      0.0000000000      0.0000000000
      1.1622493128     -0.1362891699      0.8550543040     -0.3841246137      3.4847840299      0.2119489274      1.8045334538      2.8688258387      0.0000000000      0.0000000000
      1.2650483683     -1.0705189016      0.4138761210     -0.2184058724      3.3869572767      0.3490965682      2.0382923920      3.4269533511      0.0000000000      0.0000000000
      1.2650500943     -0.8229572159      0.5593056202     -0.2071244723      3.4600493844      0.9303004996      1.6579982531      1.2827929585      0.0000000000      0.0000000000
      1.3607929134     -1.3207540081      0.3751752813      0.1769757167      3.5857257632      0.6578893166      1.8353080915      4.2446334525      0.0000000000      0.0000000000
      1.3186071563     -2.0554362750      0.2949155601      0.5363613694      3.5138481825      0.7625190003      1.8450710788      8.5466705292      0.0000000000      0.0000000000
      1.0545750683     -0.2654477885      0.6769971683      0.0342662426      4.0752898970      0.6067448860      1.5696036105      2.7030553995      0.0000000000      0.0000000000
      0.9074468503     -0.0736143849      0.7124606732     -0.5074824777      4.2705802544      1.1098111282      2.8136219641      1.7482905639      0.0000000000      0.0000000000
      1.0892548243     -1.1221956034      0.4519163133     -0.0048092213      4.3281934906      0.9571986961      2.3784572290      4.5652515937      0.0000000000      0.0000000000
      1.1983441731     -0.1821999108      1.0405678353     -0.0546120433      4.0616856521      1.4674965889      1.9914691678      2.0750200204      0.0000000000      0.0000000000
      1.3955974910     -0.7727065022      0.6688421527      0.0560290491      4.3269140322      0.7713149335      1.8625351100      2.1042278455      0.0000000000      0.0000000000
      1.6266506350     -0.4699768943      0.4838599292      0.8822097689      4.7950102995      0.5513455799      2.1579257719      2.9249818593      0.0000000000      0.0000000000
      0.9802627692      0.6377347433      0.9792188430      0.9546406691      4.0621301306     -0.7227615433      0.6206683275      1.1606670882      0.0000000000      0.0000000000
      0.4952498716      0.4140010159      0.8793273061     -1.8612818673      4.7045604278      1.2895674764      3.5103871382      5.1339954989      0.0000000000      0.0000000000
      0.7903508991     -0.2353223377      0.8333325045     -1.2559850201      4.3693314868      0.5960416182      2.7327597379      5.4015367551      0.0000000000      0.0000000000
      0.7482689572     -0.1309097826      0.8202868436     -0.8232940275      3.2349557337      0.1671277145      2.7369312006      1.5278253705      0.0000000000      0.0000000000
      0.8666000614      0.1881855179      1.7807640816     -0.7432092987      2.0334056417      0.1575313114      2.6004448612      0.7201439348      0.0000000000      0.0000000000
      0.8153381406      0.2007222471      1.5641357264     -0.9259469469      2.5551666814      0.2863965715      2.7011486104      0.8778110607      0.0000000000      0.0000000000
      0.7700731721      0.1912792246      1.3644976007     -1.0588247895      3.0015806363      0.4002506248      2.7879694953      1.0152634518      0.0000000000      0.0000000000
      0.7308051560      0.1598564505      1.1818497047     -1.1418428264      3.3726475065      0.4990934714      2.8609075157      1.1325011080      0.0000000000      0.0000000000
      0.6975340922      0.1064539248      1.0161920382     -1.1750010577      3.6683672921      0.5829251111      2.9199626718      1.2295240293      0.0000000000      0.0000000000
      0.6702599807      0.0310716475      0.8675246014     -1.1582994833      3.8887399930      0.6517455441      2.9651349636      1.3063322158      0.0000000000      0.0000000000
      0.6489828216     -0.0662903814      0.7358473941     -1.0917381033      4.0337656091      0.7055547703      2.9964243909      1.3629256675      0.0000000000      0.0000000000
      0.6337026148     -0.1856321619      0.6211604164     -0.9753169176      4.1034441406      0.7443527897      3.0138309539      1.3993043843      0.0000000000      0.0000000000
      0.6244193604     -0.3269536941      0.5234636683     -0.8090359263      4.0977755873      0.7681396024      3.0173546524      1.4154683662      0.0000000000      0.0000000000
      0.6211330583     -0.4902549779      0.4427571498     -0.5928951293      4.0167599494      0.7769152082      3.0069954867      1.4114176133      0.0000000000      0.0000000000
      0.6238437086     -0.6755360133      0.3790408609     -0.3268945267      3.8603972267      0.7706796073      2.9827534565      1.3871521256      0.0000000000      0.0000000000
      0.6325513112     -0.8827968003      0.3323148016     -0.0110341184      3.6286874194      0.7494327996      2.9446285619      1.3426719030      0.0000000000      0.0000000000
      0.6472558662     -1.1120373389      0.3025789719      0.3546860955      3.3216305273      0.7131747852      2.8926208030      1.2779769455      0.0000000000      0.0000000000
      0.6679573735     -1.3632576292      0.2898333718      0.7702661151      2.9392265506      0.6619055639      2.8267301797      1.1930672532      0.0000000000      0.0000000000
Sun Dec 15 12:18:58 CET 2024
