      0.7185141808      0.8290011333      1.1943893479      0.2497024439      0.0802506679      1.7798119106     -0.6017688621      0.2229391763     -0.3227934498      1.2128013303
     -1.8100674746      0.3333770841     -0.0295043516      0.1238311968      0.1552113525      0.4660498310      0.2271063799      0.0502732818      0.2338238513      0.2846276359
           1
      1.1487063144      0.2130088053      1.1689375923     -0.0080696045     -0.2090475596      1.0572906123      0.7565947032      0.0220710007      0.7417613641     -0.1820817731
      0.2177540216      0.0000000000      0.0000000000      0.0000000000
     -0.0192882645      0.0000000000      0.0000000000      0.0000000000
      1.0958801585      0.0000000000      0.0000000000      0.0000000000
      3.5942196047      0.0000000000      0.0000000000      0.0000000000
      1.0057667296      0.0000000000      0.0000000000      0.0000000000
     -0.2473048508      0.0000000000      0.0000000000      0.0000000000
      2.8992738539      0.0000000000      0.7226427977      0.4272069099     -2.6664937068      0.0000000000      0.1901867469
     -0.1303314640     -0.2094996458     -0.0042082170      0.1395510520      0.4789410466      2.2265093081      0.2535992510      1.6573482094
           2
      1.1567781028      0.3787083840      2.1615798557      1.0254460399      0.3896248224      0.6665057166      5.4451321083      0.0149122723      0.2636069004     -0.6374206886
      0.6277785225      0.0000000000      0.0000000000      0.0000000000
      0.1214225892      0.0000000000      0.0000000000      0.0000000000
      1.0754303154      0.0000000000      0.0000000000      0.0000000000
      4.6673151842      0.0000000000      0.0000000000      0.0000000000
      0.6540365260      0.0000000000      0.0000000000      0.0000000000
     -1.0290063079      0.0000000000      0.0000000000      0.0000000000
      2.2089365396      0.0000000000      0.7322180528      0.8163556001     -8.5757285171      0.0000000000      0.0000000000
     -0.3943993336      0.0567008146     -0.0710062996      0.0000000000      0.7430675488      0.3483657016      0.4585077748      0.0000000000
           3
      0.5807606210      0.0640978116      1.8422755869      0.0110728333      0.0524320526      2.4272855896      0.7283686377      0.0268854365      0.8131865872     -0.1844814640
      0.1021920784      0.1144390659      0.0000000000      0.0000000000
     -0.1384817907     -0.0282108379      0.0000000000      0.0000000000
      0.9600057964      1.0825300205      0.0000000000      0.0000000000
      4.6368469680      1.2763110312      0.0000000000      0.0000000000
      0.9333064056      0.8855457174      0.0000000000      0.0000000000
     -0.0674488399     -0.1452106252      0.0000000000      0.0000000000
      2.5317695990      2.7837595246      1.0546638404      1.0476327029     -6.8085531894     -7.2390431628      0.0000000000
     -0.0008126073     -0.0154682042     -0.0917109498     -0.0004385813      0.1434583291      0.1492227077      0.3972370801      0.4781977853
           4
      0.6941567890      0.2766660209      2.4769890438     -0.0587448362     -0.0055273490      2.0110324087      0.0005780897      0.0267354849      0.5502628864      0.5413510328
      0.1735527146      0.1339597959      0.0000000000      0.0000000000
     -0.0453110682     -0.0644694845      0.0000000000      0.0000000000
      1.0870800933      1.3366202932      0.0000000000      0.0000000000
      4.7115909965      1.5277629088      0.0000000000      0.0000000000
      1.0740390610      1.0255597215      0.0000000000      0.0000000000
     -0.1200013317     -0.1463133888      0.0000000000      0.0000000000
      2.5686628137      2.8193343929      0.4935688870      0.8194676210      0.9185306223    -13.9552977557      0.0000000000
     -0.0448419601     -0.0601025589     -0.0414399154     -0.0010000852      0.1121602443      0.4562438065      0.2678514494      0.4029787228
           5
      0.7032896572      0.3389070345      2.8811807881      0.0263308510     -0.0457300461      1.8604492186      0.0683768396      0.0270156876      0.3574952223      0.4281545656
      0.2554905094      0.2232677589      0.0000000000      0.0000000000
     -0.0856548346     -0.0336199766      0.0000000000      0.0000000000
      1.0357906005      1.3085300162      0.0000000000      0.0000000000
      3.8995947917      2.5596261808      0.0000000000      0.0000000000
      0.8590015326      0.8737416597      0.0000000000      0.0000000000
     -0.2128409742     -0.2734746604      0.0000000000      0.0000000000
      2.1956425871      2.5207174626      1.0206009857      0.8337422826      1.8296138779    -23.0522916069     -0.0087643245
     -0.1752704571     -0.1210266372     -0.0509354539      0.0058653963      0.1683140761      0.5356712342      0.3468021687      0.2506984970
           6
      0.6819400486      0.4520462191      2.9860157565     -0.0064656031     -0.0174861309      1.8169393336      0.2065557938      0.0397530939      0.2331838641      0.5589658780
      0.2879957328      0.3362810926      0.0000000000      0.0000000000
     -0.1069319586     -0.0307531799      0.0000000000      0.0000000000
      1.1911296683      1.2971912173      0.0000000000      0.0000000000
      3.2300202046      2.3401047993      0.0000000000      0.0000000000
      0.9870967666      0.8189928778      0.0000000000      0.0000000000
     -0.2057991054     -0.3602859941      0.0000000000      0.0000000000
      2.2040264605      2.4135519113      0.9062253838      0.7849668810     -1.3050141953    -34.9373575240      0.0222095246
     -0.3494995641     -0.1936479414     -0.0709696775     -0.0035819239      0.2214362892      0.8289845550      0.4578551304      0.1916309801
           7
      0.8687675484      0.3937811716      3.1579356788     -0.0278676445     -0.0262605995      1.6229017962      0.3201560080      0.0364231285      0.0726108413      0.3358993610
      0.4246623227      0.4490132708      0.0000000000      0.0000000000
     -0.0479517912     -0.0552880413      0.0000000000      0.0000000000
      1.0838535285      1.2624594472      0.0000000000      0.0000000000
      5.7916854279      1.8963501387      0.0000000000      0.0000000000
      0.9530200858      0.7950511151      0.0000000000      0.0000000000
     -0.4346166160     -0.3856271803      0.0000000000      0.0000000000
      2.1133822132      2.4524102474      0.5371741735      0.8425375068      0.6239412307    -50.2929176889      0.0685238840
     -0.4106606084     -0.1415756233     -0.0722570003     -0.0028362410      0.2151464047      0.8604058853      0.7881550270      0.2762810384
           8
      0.9834687151      0.3855925122      3.1969445623     -0.0414351382     -0.0149925829      1.4700678644      0.1233337004      0.0179790477      0.1463180834      0.3917032341
      0.5200121496      0.4720707139      0.0000000000      0.0000000000
      0.0095750660     -0.0580909623      0.0000000000      0.0000000000
      1.0218705463      1.3280757890      0.0000000000      0.0000000000
      8.5751018940      1.8468719523      0.0000000000      0.0000000000
      1.4247959217      0.8617571490      0.0000000000      0.0000000000
     -0.5993172893     -0.3610663206      0.0000000000      0.0000000000
      2.4031302673      2.6388580338      0.7467893232      0.4510967347     -0.4604933905    -69.0165435338      0.0322314508
     -0.5319285963     -0.1880032602     -0.9308279878      0.0346380487      0.2979625219      0.7985954809      2.2488160850      0.6365687198
           9
      1.1710651735      0.2718072129      3.2271395138      0.0133798460     -0.0277648240      1.2401786837      0.5774531872     -0.0037738103     -0.0745779243      0.2316633120
      0.3813383663      0.5069102112      0.0000000000      0.0000000000
      0.2393406705     -0.1115794977      0.0000000000      0.0000000000
      0.7361474740      1.1257551964      0.0000000000      0.0000000000
      5.8655637147      2.2095585700      0.0000000000      0.0000000000
      1.5518156208      0.7589784785      0.0000000000      0.0000000000
     -0.3646305452     -0.4625121918      0.0000000000      0.0000000000
      2.1165159003      2.4168369882      1.0420189216      0.1087240553     -0.9402653311    -92.3159220885     -0.0255221758
     -0.6945076151     -0.2683509986     -1.5000000000      0.2361370269      0.5279421789      0.8056929825      2.3157915854      0.9587878366
          10
      0.8192105818      0.1881601564      2.6115170394     -1.7756988281      0.3392600786      0.8000000000      4.1288397927     -0.0284716292      4.6804539226      1.6282115997
      0.5019738966      0.5504961212      0.0000000000      0.0000000000
      0.3203721569      0.1484092848      0.0000000000      0.0000000000
      0.8872281617      1.0875562899      0.0000000000      0.0000000000
      5.6685074670      2.1677963585      0.0000000000      0.0000000000
      0.3000000119      0.8827594892      0.0000000000      0.0000000000
     -0.8125469284     -0.4243713506      0.0000000000      0.0000000000
      3.1974154495      3.4833959722     -0.3148067617      9.0000000000     -6.0000000000   -119.9284969245     -0.5265156026
     -0.7259759409     -0.2805418594     -0.1236263861      0.0000000000      1.1843828637      0.9391176964      0.4947400346      0.0000000000
          11
      0.5587344478      0.0908039165      3.2565151363      0.1334466466      0.0959473074      2.7345856011      0.9972491166      0.0575388103      0.8924061406     -0.4576551028
      0.1113769498      0.1202027717      0.0000000000      0.0000000000
     -0.1059267223      0.1833960007      0.0000000000      0.0000000000
      1.1074754196      1.1346890243      0.0000000000      0.0000000000
      5.9916745185      3.8891564447      0.0000000000      0.0000000000
      1.0411931816      0.7163675902      0.0000000000      0.0000000000
     -0.0879061821     -0.1744931572      0.0000000000      0.0000000000
      2.0547375883      2.4324565267      0.9921722855      1.0229243842      1.1749794712   -162.0075700397      0.0000000000
      0.0536570164     -0.0421871253     -0.0294428352     -0.0030833050      0.3604407567      0.9768770855      0.1883346179      0.4829178188
          12
      0.5690571329      0.4088106882      4.4335074802      0.0207136448      0.0930390091      2.4917486440     -0.0294420564      0.0419166325      0.2138198164      0.1951322094
      0.2385455949      0.2208364478     -0.0159003865      0.0000000000
     -0.1454215132      0.0198597458      0.1408796887      0.0000000000
      1.0854179908      1.0864073063      1.0259991929      0.0000000000
      3.9981383539      0.0299999993      0.0336999300      0.0000000000
      1.0711372658      1.0128738742      1.1488335306      0.0000000000
     -0.1557499211     -0.2351274303     -0.1576649208      0.0000000000
      1.8889724146      2.2030541407      0.2738245230      1.1088542279      1.2925931560   -199.3358317462      0.0000000000
     -0.0053420321     -0.0528382269     -0.0234325898     -0.0027216115      0.2394866707      0.2266471857      0.2333931558      0.5267608246
          13
      0.5635334639      0.4025509829      4.6504730629      0.0033625509     -0.0225475828      2.5671524076      0.1177193406      0.0252018755      0.3857314709      0.0631889085
      0.2821611696      0.2315952550      0.0284219821      0.0000000000
     -0.0961841643     -0.0939843933      0.0012309060      0.0000000000
      0.9175159016      1.1784902340      0.9216625911      0.0000000000
      4.9136799009      3.2421690574      0.0350500520      0.0000000000
      0.9928069719      0.9100441532      1.0622474393      0.0000000000
     -0.2468766554     -0.2530119830     -0.1840147850      0.0000000000
      1.7692514359      2.0386227704      0.9992249403      1.1202447041      3.4606785694   -241.0203874486      0.0000000000
     -0.0909869791     -0.0311076888     -0.0914104792     -0.0029256456      0.1499381238      0.1221083312      0.4136766857      0.3580304897
          14
      0.5375310105      0.4249065787      4.3634243786     -0.0372946133      0.0033652683      2.4340600759      0.0037386768      0.0708875816      0.1708177100      0.3552082819
      0.3524424964      0.2587686890      0.0449615133      0.0000000000
     -0.1787179601     -0.0409090437     -0.0928880074      0.0000000000
      1.0975766262      1.2699352709      1.4203353396      0.0000000000
      7.2950329947      3.1493656746      0.0657023142      0.0000000000
      1.0164788536      0.8010753186      0.7726702201      0.0000000000
     -0.4439760036     -0.2637641570     -0.2085404708      0.0000000000
      1.6547932108      1.8788301911      1.0080192341      0.8191295513      3.0610870513   -287.0192963765      0.0000000000
     -0.2353595917     -0.0578993388     -0.0780092870     -0.0030856923      0.1735504287      0.2304174839      0.2426808158      0.4877787418
          15
      0.5236414361      0.3991076143      3.7648317414      0.0059859465     -0.0397544432      2.5360463442      0.0611623133      0.0709957962      0.2437097393      0.2831740059
      0.3773381495      0.2610460425      0.1121607678      0.0000000000
     -0.1410032458     -0.0069264538     -0.0081994238      0.0000000000
      1.2147859054      1.2767811273      1.2832538105      0.0000000000
      6.2008381587      2.5510773202      0.0396908620      0.0000000000
      1.0106189319      0.7538064740      0.8576152106      0.0000000000
     -0.3705722804     -0.2089318974     -0.2397965011      0.0000000000
      1.8636043274      2.0595022651      0.7309249255      0.4382998676      1.3642006451   -338.1655573279      0.0000000000
     -0.3001578740     -0.0840929221     -0.0509777446     -0.0122899008      0.1827281308      0.3560399141      0.1938610495      0.4499723069
          16
      0.5767607981      0.5092445175      4.1604502494     -0.0811772547      0.0337763576      2.3562940309      0.0470752807      0.0595759307      0.2829932662      0.3591640938
      0.3598929399      0.3575736744      0.1485697054      0.0000000000
     -0.0786264684     -0.0506029107     -0.0688668775      0.0000000000
      1.1138798563      1.2456952633      1.3246851436      0.0000000000
      4.8904417456      2.3624160351      0.1417363690      0.0000000000
      0.7993191012      0.7630582317      0.5893795638      0.0000000000
     -0.3193015171     -0.2453801564     -0.3375173716      0.0000000000
      1.8165137492      2.0184606415      0.5966852731      0.6667572557      4.3326530685   -394.0196266128      0.0000000000
     -0.4371875894     -0.0665934137     -0.0434884970     -0.0043536059      0.2293864010      0.3203361324      0.2287578359      0.7180957386
          17
      0.6241372396      0.4465391072      3.9300012682     -0.1188128528      0.0187889534      2.0235925072      0.1600101675      0.0371115736      0.2507156408      0.4931983980
      0.4611998548      0.3512043855      0.1615414314      0.0000000000
      0.0754034701     -0.0865977045     -0.1101700552      0.0000000000
      1.2067733927      1.1771293023      1.3784423437      0.0000000000
      4.4451581946      2.7973365966      0.1044534326      0.0000000000
      0.9135100159      0.7790664368      0.8462233423      0.0000000000
     -0.3196891888     -0.2715471664     -0.2744964165      0.0000000000
      1.9648236923      2.1638628906      0.8022455233      1.2900918804      0.9516027441   -454.7551693168      0.0000000000
     -0.5114294287     -0.1362497871     -0.0644463471     -0.0010814176      0.2703490314      0.3071274120      0.4410632709      0.3627748482
          18
      0.5412831527      0.7708757786      4.6028168337     -0.1324655434      0.0166618824      1.5000000000     -1.0589597147      0.0204696005     -0.7793219625      0.4409606574
      0.4550141366      0.3939812191     -0.0474364111      0.0000000000
      0.0540433752     -0.0049378581     -0.3077555622      0.0000000000
      1.1387313819      1.1673518167      1.2189554401      0.0000000000
      2.9826486537      2.8939718702      0.0595609834      0.0000000000
      0.7000000119      0.7086094563      0.3635955893      0.0000000000
     -0.2928458492     -0.2912927551     -0.3341612531      0.0000000000
      2.0012134217      2.1613055590      0.1951050327      0.6253845238      4.3049750332   -520.5645352679      0.0000000000
     -0.7332949755     -0.1961891745     -0.2226900150      0.0000000000      0.3854917460      0.3437697600      0.4635900017      0.0000000000
          19
      0.4683553566      0.0424401656      5.5469385661      0.1690520241      0.2599409550      3.3169158268      1.1806916830      0.1074547054      1.1112412318     -0.3025462335
      0.0747120929      0.0897647715      0.0000000000      0.0000000000
     -0.0202846469      0.0880361219      0.0000000000      0.0000000000
      1.0874041412      1.1481111514      0.0000000000      0.0000000000
      4.6863994359      0.5826972319      0.0000000000      0.0000000000
      0.9223215977      0.7557792555      0.0000000000      0.0000000000
     -0.0478509868     -0.1211993132      0.0000000000      0.0000000000
      1.7717452203      2.2723690967      1.0834955443      1.0455228901      3.7617544767   -599.7097914236      0.0000000000
      0.0805107029     -0.0984986898     -0.0872686261     -0.0030000000      0.1489530529      0.2857057160      0.2571244923      0.4000000000
          20
      0.5085586368      0.1856654572      6.4178005625      0.2770038502      0.1011337240      2.8207532577     -0.1811434018      0.0365748194      0.7488658448     -0.0872920036
      0.1423227646      0.1410474186      0.0817932884      0.0000000000
     -0.2992745849     -0.3225545678      0.2517652547      0.0000000000
      1.0351244732      0.9549168920      1.4189743250      0.0000000000
      3.5022005759      0.8050026877      0.0390697123      0.0000000000
      0.9921352718      1.5033862236      0.8115241157      0.0000000000
     -0.0616610886     -0.1949879864     -0.0354720122      0.0000000000
      1.8691251407      2.3268237114      1.3362487360      1.0582421112     -0.0248489125   -677.1207929626      0.0000000000
      0.0368734076     -0.0132074148     -0.0272858705     -0.0017166987      0.1019327540      0.5998587850      0.1248957734      0.1516363629
          21
      0.5404527332      0.1338080814      5.3827360747     -0.0160407699      0.2076001258      2.8493462590     -0.0145412404      0.0667847305      0.2212681193      0.0485138543
      0.1988121757      0.0891280395      0.0392386286      0.0000000000
     -0.2077533994      0.0334304408     -0.1500212747      0.0000000000
      1.0837383003      0.9794737459      1.5729431325      0.0000000000
      6.6914952447      0.1195936376      4.8638686532      0.0000000000
      1.2153294380      0.9575314360      1.2854191564      0.0000000000
     -0.2066801199     -0.0662385211     -0.1350261129      0.0000000000
      1.6771892633      1.6918873780      1.6146199757      1.8175036840      0.5340777805   -759.8720859467      0.0000000000
      0.0098451229     -0.0034636142     -0.0826980642     -0.0018332361      0.1219800955      0.6356303344      0.2150713465      0.1466232869
          22
      0.6033157651      0.3668575119      5.7338709021     -0.0709204662      0.0130544864      2.7483205528     -0.0054865533      0.0805244924      0.2355665482      0.2490224050
      0.2561685293      0.0515467780      0.1709440780      0.0000000000
     -0.0133636333     -0.0068677157     -0.0979155094      0.0000000000
      1.0797402238      0.9504617224      1.5942638899      0.0000000000
      6.2777567220      0.2079005714      6.2956163542      0.0000000000
      1.3193855537      0.9907559274      1.2673498890      0.0000000000
     -0.2461778298     -0.0350380006     -0.2155383904      0.0000000000
      1.6465959418      1.7337005234      1.5831837213      1.2444395032      0.3548759713   -847.9594576712      0.0000000000
     -0.0126891135     -0.0002802870     -0.0437024736      0.0152742060      0.8263710533      0.1613539746      0.1910781786      0.4591121320
          23
      0.5759647458      0.3728730893      3.9916130899     -0.1199341990     -0.0190164148      2.3285830753     -0.0609137589      0.0886014804      0.0986140337      0.1911846086
      0.1952201045      0.0588376235      0.2226181949      0.0000000000
     -0.0920777810     -0.0140750134     -0.0744373849      0.0000000000
      1.2002560872      1.0263129767      1.5375188728      0.0000000000
      7.8368401614      0.2697729198      5.7474453747      0.0000000000
      1.4130195853      0.8499375166      1.3049782970      0.0000000000
     -0.2244747004     -0.0883829809     -0.2064218151      0.0000000000
      1.7884355589      1.7845638373      1.0824013130      0.9267776976      1.0001911272   -942.0421365094      0.0000000000
     -0.0149685762     -0.0344243619     -0.0047269451      0.0096561451      0.1014939201      0.1431185231      0.1181545950      0.5243657971
          24
      0.6080314797      0.4738845701      4.1647926690     -0.0913618951     -0.0853346902      2.0611073076      0.0225658700      0.0629619797      0.2308290192      0.2145735143
      0.2093743118      0.0886823647      0.2128121934      0.0000000000
     -0.0882225144     -0.0002179569     -0.0643815230      0.0000000000
      1.1239838721      1.0699834968      1.3915338819      0.0000000000
      5.2873631896      0.2677562061      5.0110389566      0.0000000000
      1.2053953110      0.6588474301      1.3489655417      0.0000000000
     -0.1965632739     -0.0848462171     -0.1681576644      0.0000000000
      1.8437810505      1.8072259125      1.2546030253      0.9659166826      1.0569688153  -1042.2434909798      0.0000000000
     -0.0128270460     -0.0267832088     -0.0048350439     -0.0020611426      0.1357620176      0.1082531254      0.1550861290      0.5403987003
          25
      0.5484561504      0.1530239340      2.6651348843     -0.0173046430     -0.0736802745      2.3756465589      0.0537734261      0.0300233680      0.2217479591      0.3374228670
      0.1922494513      0.1037439183      0.1743982633      0.0000000000
      0.0140192015     -0.0006323777     -0.0250475654      0.0000000000
      1.1004279883      0.9694547483      1.3687182512      0.0000000000
      3.4817159818      0.2360695430      5.2670627275      0.0000000000
      1.0773001246      0.5823253742      1.5580693739      0.0000000000
     -0.1316892597     -0.1591277241     -0.1261845512      0.0000000000
      2.3546885572      1.9445981742      1.0693967440      0.9477290530     -0.0751513372  -1148.4664820827      0.0000000000
     -0.0410678680     -0.0315921840     -0.0587600418      0.0264723276      0.1020648071      0.1626793514      0.2307818002      0.5716340927
          26
      0.5881762500      0.1260193367      2.6156905908      0.0077872820     -0.0810451348      2.5026489855      0.0149944841      0.0298398847      0.1191430781      0.3693317422
      0.2213466284      0.0958424783      0.1715086796      0.0000000000
     -0.0954221852      0.0015791542     -0.0004642029      0.0000000000
      1.0029697751      0.9468083924      1.3080688306      0.0000000000
      1.9352433686      0.6765546585      5.4307604679      0.0000000000
      1.0535448512      0.7522555364      1.6045288609      0.0000000000
     -0.1359587476     -0.1195453423     -0.1009019980      0.0000000000
      2.1164149567      1.8445911931      1.1363318435      0.9617433119      1.0324962528  -1260.8570891106      0.0000000000
     -0.0599044371     -0.0193772926     -0.0526517675      0.0086833628      0.1062221751      0.1455704341      0.2544048348      0.4052797972
          27
      0.6073733418      0.1734909365      3.0034433629     -0.0417361547     -0.0554043188      2.4200470037      0.0399059271      0.0536589539      0.0735204319      0.6254704401
      0.2770359874      0.0648774914      0.2324122411      0.0000000000
      0.0194758360      0.0185519883     -0.0326418980      0.0000000000
      1.0584749819      0.9856740073      1.2122828531      0.0000000000
      5.1195262022      1.3982789403      5.3252396471      0.0000000000
      0.9826240752      0.6895380256      1.9082771059      0.0000000000
     -0.2546696745     -0.1187845228     -0.1266948696      0.0000000000
      1.9532405946      1.6038620118      0.9864831750      0.9512039622      0.7946398233  -1379.1596514064      0.0000000000
     -0.0312935488     -0.0461548527     -0.0201331207      0.0088062860      0.1230672842      0.1670715047      0.2246125877      0.4284585426
          28
      0.6674005477      0.1738403899      3.1623891804     -0.0387264941      0.1525821998      2.3517153942      0.1058517503      0.0398812092      0.0279912386      0.4726361650
      0.2128798490      0.0907648651      0.2495155085      0.0000000000
      0.0284681174      0.0014568111     -0.0227037174      0.0000000000
      1.0395510297      0.8993419043      1.2485321408      0.0000000000
      2.7439022564      1.1811901432      5.5202551573      0.0000000000
      0.8761317328      0.6824753937      1.5536651384      0.0000000000
     -0.1545261065     -0.1789304647     -0.1819281948      0.0000000000
      2.1613162358      2.0203624015      0.1803023617     -0.2108332705     -3.0067838170  -1504.2032475010      0.0000000000
     -0.0425654009     -0.0581570757     -0.0123509694      0.0106567873      0.1262358908      0.2350632405      0.2196816602      0.4813882110
          29
      0.6635573428      0.2006124047      3.4640828241     -0.1392470084      0.0157340177      2.3383154410      0.0560711040      0.0134724645      0.0982156849      0.0011011462
      0.2017001346      0.1069801094      0.2488551056      0.0000000000
      0.1535496442     -0.0450040751     -0.0317015534      0.0000000000
      1.0816248075      0.8491997283      1.2438997305      0.0000000000
      2.6324433969      0.2442385286      5.2040626532      0.0000000000
      1.0417956609      0.5318782216      1.5463714139      0.0000000000
     -0.1360293341     -0.2341443768     -0.1821794483      0.0000000000
      2.3270935286      2.1780331294      1.4096841304      1.2102226762     -2.6442451757  -1636.1133732028      0.0000000000
     -0.0418403647     -0.1083256743     -0.0005775589      0.0036827766      0.1462056987      0.2564481889      0.7303388908      0.7591700620
          30
      0.5452978165      0.2728797149      2.7371817182     -0.0443237955     -0.0048143851      2.3668938584      0.0159876549      0.0487882033      0.2116983502     -0.0798966503
      0.2030743990      0.0936046894      0.0000000000      0.0000000000
     -0.0379631299     -0.0591426935      0.0000000000      0.0000000000
      1.1240687960      1.1021921498      0.0000000000      0.0000000000
      5.2369789155      0.0472613463      0.0000000000      0.0000000000
      1.0900828024      0.7945744092      0.0000000000      0.0000000000
     -0.1917129535     -0.0954019180      0.0000000000      0.0000000000
      2.2654028135      2.9134530796      1.1425152184      1.0607879530      1.8666691108  -1778.6004607333      0.0000000000
     -0.0480399344     -0.0599401397      0.0018653417      0.0000000000      0.1530531073      0.1753764747      0.5857926533      0.0000000000
          31
      0.5480015724      0.4528106653      4.7723650455      0.0243579905     -0.0664817473      2.4733271134      0.2353540281      0.0170076824      0.4124890580      0.0291293632
      0.2246040547      0.1968000497     -0.0006839473      0.0000000000
     -0.1477466154     -0.0276398462     -0.0009998045      0.0000000000
      0.9254609407      1.1493787114      0.9150344136      0.0000000000
      5.2261347665      3.2598556934      0.0945435459      0.0000000000
      0.9330065423      0.8127787697      0.7098715853      0.0000000000
     -0.2439952133     -0.2191895396     -0.2621405346      0.0000000000
      2.0713619926      2.4022661403      1.2358696728      1.0278797676     -2.0664419964  -1923.3527260346      0.0000000000
     -0.1375597999     -0.0502955753     -0.0301739646     -0.0010157373      0.1609334683      0.3572586729      0.1456927540      0.3513210002
          32
      0.5737492480      0.4693711978      5.4857375528     -0.0043258236      0.0245263607      2.3515521606      0.3249298275      0.0414140880      0.1894396621      0.3728350835
      0.3546035632      0.2652198362     -0.0086481207      0.0000000000
     -0.1964077870     -0.0385626988     -0.0356242188      0.0000000000
      0.9540193387      1.2300167877      1.0790445956      0.0000000000
      5.6031763102      2.0765709926      0.0341253108      0.0000000000
      0.7996812916      0.6712956705      0.5936778227      0.0000000000
     -0.3745487421     -0.2360666990     -0.2069876901      0.0000000000
      1.7209366789      1.9570930134      1.1166613074      0.9094225840     -6.7081979763  -2074.5729519869      0.0000000000
     -0.2201736452     -0.0534432484     -0.0491831908     -0.0022493614      0.1728075846      0.2818439943      0.1997267339      0.3055460189
          33
      0.6144919074      0.5517696864      6.8919188615     -0.0425396627      0.0093513979      2.3397672535      0.0418703708      0.0709026023      0.2726463237      0.2922247949
      0.3492570600      0.2738599587      0.0394109212      0.0000000000
     -0.1662478461     -0.0714377420     -0.0171832993      0.0000000000
      0.9985002625      1.1944355461      1.2935041538      0.0000000000
      5.5708819495      2.3092689391      0.0308518352      0.0000000000
      0.9858431217      0.6940799489      0.7290199081      0.0000000000
     -0.3665440565     -0.2133002247     -0.2721781939      0.0000000000
      1.6851570051      1.8842258034      0.6851138375      0.8655478525      0.9543817496  -2232.7158726239      0.0000000000
     -0.3012816530     -0.0572263261     -0.0485209816     -0.0022243761      0.2295349851      0.2793664233      0.1883454384      0.3351074780
          34
      0.5665622806      0.5643713854      5.4416539253     -0.0145972398     -0.0122625545      2.4368303641      0.0467913505      0.0536019707      0.2280311078      0.2583453554
      0.4785083588      0.3326720434      0.0292683314      0.0000000000
     -0.0874554553     -0.0383921085      0.0721632353      0.0000000000
      1.0877595893      1.1871178168      1.1355670787      0.0000000000
      4.7365882871      2.1384810691      0.0900000015      0.0000000000
      0.6738059144      0.6558193992      0.7250567019      0.0000000000
     -0.3053537885     -0.2613889119     -0.2646210718      0.0000000000
      1.7103827742      1.8313996607      0.7352236063      0.7384733912     -6.0683397773  -2397.3975492646      0.0000000000
     -0.3335635094     -0.0916519184     -0.0845860426     -0.0026892950      0.1070729376      0.3432529665      0.4633292908      0.3441656211
          35
      0.6182259363      0.5497486658      5.6733797624     -0.0541995306     -0.0178577142      2.5161318677      0.2279627449      0.0840317654      0.3759745650      0.4634575571
      0.4001951974      0.3284123552      0.0213144177      0.0000000000
      0.0268312921     -0.0537670583     -0.0591703655      0.0000000000
      1.1313101589      1.2003988191      1.2399451214      0.0000000000
      3.3781497344      2.7386217683      0.0800000015      0.0000000000
      0.7654591923      0.7123516462      0.8949870290      0.0000000000
     -0.2338414059     -0.2171465984     -0.1824621988      0.0000000000
      1.6339940413      1.8278320958      1.0001520897      1.4264531365     -0.7758015024  -2569.3001312377      0.0000000000
     -0.4844475051     -0.0763428521     -0.0092430801     -0.0074722435      0.2486617395      0.2599648605      0.1133166582      0.4873916821
          36
      0.5510446405      0.7703658475      7.4503621111     -0.0171730204      0.0593881827      2.0677668567     -0.8791101318      0.0478694381     -0.3760135137      0.2565242294
      0.4499474325      0.4116661175     -0.0039901928      0.0000000000
     -0.0633148667     -0.0650939653     -0.0046845801      0.0000000000
      1.2260353017      1.2278713111      1.0939516894      0.0000000000
      3.1188644918      2.1984449604      0.0299999993      0.0000000000
      1.2305347365      0.5927687372      0.5303090216      0.0000000000
     -0.3972204582     -0.2703000834     -0.2684308909      0.0000000000
      1.9154161223      1.8919543034      0.7516790307      1.4842048181      0.1218627665  -2747.5148326479      0.0000000000
     -0.4845434272     -0.1564261795     -0.2238174067      0.0000000000      0.3759498742      0.2924805573      0.5710215907      0.0000000000
          37
      0.4377687959      0.3959940040      6.5222721805      0.0859889064      0.3393654729      3.7054827063      0.5277016294      0.0675923763      0.3125295475     -0.5550765969
      0.0751906278      0.0907565633      0.0000000000      0.0000000000
      0.0359738179      0.1562134204      0.0000000000      0.0000000000
      1.1959342394      1.1287424129      0.0000000000      0.0000000000
      5.4363626786      0.8705891059      0.0000000000      0.0000000000
      0.9840289158      0.9910119917      0.0000000000      0.0000000000
     -0.0563654180     -0.1376750218      0.0000000000      0.0000000000
      2.0344039505      2.7158651425      0.9790213100      1.0022886657      1.0024964428    -23.8487988332      0.0000000000
      0.0652215142     -0.0020149092     -0.0018050991      0.0000000000      0.1142466339      0.1319997741      0.2270657054      0.0000000000
          38
      0.5007492275      0.0597889756      4.6848673608      0.1377284832     -0.1093279145      2.9622254372      0.0170717939      0.0337956240      0.0505731622      0.0666612643
      0.1696750223      0.1115085409      0.0080546132      0.0000000000
      0.0427272242     -0.0495684241     -0.0455926730      0.0000000000
      0.9899357194      0.9443161658      0.9696106848      0.0000000000
      4.4451295987      0.0456638658      0.5922417511      0.0000000000
      0.9711222072      0.7944245061      1.0853838147      0.0000000000
     -0.1239267081     -0.1178067513     -0.0846158960      0.0000000000
      1.8019698947      1.9229130345      1.0143909356      1.0065421061      0.9550447363    -30.1837344496      0.0000000000
      0.0151773481     -0.0014721968     -0.0395177017      0.0000000000      0.1358115707      0.2980194185      0.1996810368      0.0000000000
          39
      0.6036309843      0.4629204646      9.0578602487     -0.0909561079      0.0503031864      2.6859871876      0.0468465461      0.0793738691      0.2129945750      0.1190112938
      0.2806281952      0.1142572591      0.0494522226      0.0000000000
      0.0013611790     -0.1736674063     -0.2309011678      0.0000000000
      1.0979535721      1.0402151248      1.0181291358      0.0000000000
      4.5394635745      0.0693569923      9.3033553560      0.0000000000
      1.0330965494      0.9858969353      1.0040467502      0.0000000000
     -0.1891619455     -0.0457741303     -0.2056363626      0.0000000000
      1.4016795455      1.4297194291      1.0155853705      1.2003838235      0.7888030417    -37.2049021205      0.0000000000
      0.0490749946      0.1064514845     -0.0716518817     -0.0021052209      0.1610841202      0.2540359721      0.1979522005      0.7861217360
          40
      0.5753455450      0.2263775661      5.7300383986     -0.2085503721      0.0461359030      2.9241562785      0.0059178303      0.0987065075      0.2715436033      0.1839174205
      0.2705269305      0.0694081168      0.0703119913      0.0000000000
      0.0026896809     -0.0120583000     -0.1630215087      0.0000000000
      1.1572980677      0.9823729666      1.4077344673      0.0000000000
      4.4194715531      0.1656595212      7.0779500437      0.0000000000
      1.2102239812      1.1066232335      1.0694380048      0.0000000000
     -0.2039770867     -0.0407442891     -0.1466129351      0.0000000000
      1.4648015487      1.5650884261      1.0942617454      1.0848912500     -4.2235608936    -45.7158415068      0.0000000000
      0.0116322285     -0.0034104031     -0.0564844274     -0.0018310899      0.1524269148      0.4907365241      0.1647125768      0.4755617414
          41
      0.6365348173      0.2659643826      5.7506357364     -0.2855234372      0.0618565185      2.5707300979      0.0688354517      0.0904091076      0.0832602900      0.2631235344
      0.2106198932      0.0925328329      0.1413400725      0.0000000000
      0.0507019506     -0.2754298708     -0.0936173213      0.0000000000
      1.1152888122      1.0061165142      1.3586311976      0.0000000000
      7.9835933464      0.0913286270      5.3839541021      0.0000000000
      1.3221474550      1.1943573427      1.1265049033      0.0000000000
     -0.2229203008     -0.0944118773     -0.1417965902      0.0000000000
      1.5431199983      1.7396199611      1.5210309588      1.0754268570     -0.8060513109    -55.2892405714      0.0000000000
     -0.0302373228     -0.0049193554     -0.0204263314      0.0108037592      0.7810463590      0.1262552228      0.1271376045      0.4808575452
          42
      0.6153235395      0.1429287897      4.7623466663     -0.1372271958     -0.0326972790      2.6051239479      0.0225382560      0.1021159874      0.1872599185      0.3317215122
      0.2269490447      0.0750041853      0.1931319154      0.0000000000
     -0.0005710440     -0.0258767109     -0.0759895234      0.0000000000
      1.0851532989      0.9799820976      1.6793848633      0.0000000000
      3.1452300410      0.2520817698      4.6133027507      0.0000000000
      1.2022078669      0.8970793473      1.2146896691      0.0000000000
     -0.1534664978     -0.0937217831     -0.1534790408      0.0000000000
      1.5913595777      1.8263790352      1.9246964952      0.9055255995      1.6406018380    -65.9592923145      0.0000000000
     -0.0053068313     -0.0193689728     -0.0466235987      0.0100030722      0.1876515242      0.1212308638      0.1461016043      0.5032360214
          43
      0.6401694313      0.2838009833      5.2981565354     -0.2158800930     -0.0383812105      2.3813185083      0.0267482481      0.0706692908      0.0245241875      0.3684956488
      0.2102133224      0.0616820580      0.2560755653      0.0000000000
      0.0124185986     -0.0263379109     -0.0893204820      0.0000000000
      1.2214588913      1.0877335554      1.5715966012      0.0000000000
      2.8480271941      0.2294831016      4.5428511157      0.0000000000
      1.2046542766      0.6686821961      1.2383534526      0.0000000000
     -0.1252655877     -0.1273247049     -0.1802984391      0.0000000000
      1.8823725159      1.8755174892      1.3100719623      0.9726130860      0.1594783238    -77.9581767723      0.0000000000
     -0.0106146716     -0.0356782646     -0.0181628834      0.0107025529      0.1107676782      0.1100901196      0.1746972746      0.4825760374
          44
      0.6332195204      0.0950189479      3.7384479673     -0.1473065191     -0.0120771412      2.6070725817      0.0430026583      0.0519667487      0.2066423640      0.4024399561
      0.1774538050      0.0954001603      0.2476309533      0.0000000000
     -0.0424548742     -0.0005789922     -0.0380213462      0.0000000000
      1.0499492430      0.9889076884      1.5675756546      0.0000000000
      5.0816708204      0.6573533135      5.0896670958      0.0000000000
      1.1726252021      0.8562911120      1.4774134037      0.0000000000
     -0.1625292289     -0.0997551912     -0.1596928469      0.0000000000
      1.9470733501      2.0969558434      1.3537641065      1.0146849538      2.0623272242    -91.6040086907      0.0000000000
     -0.0507313259     -0.0051254459     -0.0441724302      0.0251844204      0.0959108853      0.0884812710      0.1812691356      0.5819033094
          45
      0.6077195356      0.3106441894      4.2405183912     -0.1808015479     -0.0305447579      2.3554988844      0.0479183835      0.0811483407      0.1087392789      0.3792798259
      0.1688049336      0.0541288551      0.2648824503      0.0000000000
      0.0067107455     -0.0097066996     -0.0559665474      0.0000000000
      1.0685483048      0.9899385566      1.5622548357      0.0000000000
      6.4415838475      0.6175523140      4.7973114719      0.0000000000
      1.1488300328      0.6808711233      1.5012543799      0.0000000000
     -0.1921359542     -0.0917109580     -0.1511490241      0.0000000000
      1.9134259383      1.7952946365      1.2376447151      1.0219904531      0.9174431962   -106.9046112182      0.0000000000
     -0.0859117174     -0.0200323809     -0.0179677833      0.0100003124      0.1233540307      0.1079341478      0.1886172226      0.5025302657
          46
      0.6497191758      0.2621640081      4.4576969504     -0.1920492846      0.1397667960      2.6138273604      0.0367019192      0.0531246504      0.0440726229     -0.0605884239
      0.2026228779      0.1447613604      0.2777617130      0.0000000000
     -0.0014828411     -0.0013494872     -0.0325506124      0.0000000000
      1.0713876612      1.0101356576      1.4284396972      0.0000000000
      4.3527851730      0.7560665202      4.3843516665      0.0000000000
      1.0970157930      0.8477813173      1.2896484942      0.0000000000
     -0.1894523925     -0.2147911563     -0.1596004940      0.0000000000
      1.8580923741      1.7461315550      0.8914242874      0.0787420560      0.6187089547   -123.8959733458      0.0000000000
     -0.0605385715     -0.0262434209     -0.0005125139      0.0127514010      0.0799999982      0.1708230245      0.1309750326      0.5609979790
          47
      0.6121559615      0.3422693102      5.1027253537     -0.1300618162     -0.0038333218      2.2687306257      0.0245306767      0.0778554731      0.2025276935     -0.3306714016
      0.1568399296      0.0979144461      0.2587314379      0.0000000000
      0.0520109985     -0.0679627468     -0.0604745776      0.0000000000
      1.1941665404      0.9714064793      1.4334352081      0.0000000000
      4.9194009353      0.1880849131      4.9763918813      0.0000000000
      1.1842151720      0.5600989938      1.2137944746      0.0000000000
     -0.1569980795     -0.2210999597     -0.0743581737      0.0000000000
      1.8480447344      1.7607205662      0.9059484289      0.8383358997      1.9594353650   -142.7124661419      0.0000000000
     -0.0647457385     -0.0887244351     -0.0007877471      0.0036580690      0.1299263764      0.2125361874      0.1896898047      0.6909561781
          48
      0.5167461170      0.3130852049      4.8978291401     -0.0153280018     -0.0330212887      2.8006910249     -0.0867546192      0.0554853949      0.4809954910      0.0283272141
      0.2028759238      0.0873043498      0.0000000000      0.0000000000
     -0.1928231849     -0.0050754040      0.0000000000      0.0000000000
      1.1800067771      1.1118379230      0.0000000000      0.0000000000
      4.2185867865      0.0300000000      0.0000000000      0.0000000000
      1.0316932898      0.6892735362      0.0000000000      0.0000000000
     -0.1399272083     -0.0911726617      0.0000000000      0.0000000000
      2.2379399132      2.8997104400      1.0602724773      1.0385729080     -0.0387046352   -167.0413660058      0.0000000000
     -0.0496977422     -0.0714491186      0.0000331458      0.0000000000      0.1067903919      0.1622034098      0.0799999982      0.0000000000
          49
      0.5130447548      0.4127581160      5.7716809139      0.0125549278      0.0842855964      2.5406380172      0.0743566841      0.0279390404      0.0925322057      0.1497018349
      0.1826012461      0.1362632033      0.0152537476      0.0000000000
     -0.3131017758     -0.0185439799      0.0018350259      0.0000000000
      0.9316094438      1.1779835295      0.9520082356      0.0000000000
      4.4826557933      3.1214109304      0.1315402994      0.0000000000
      0.9150361905      0.6979397621      0.6401720657      0.0000000000
     -0.1781983118     -0.1318930498     -0.2700000000      0.0000000000
      2.0279651924      2.3036990786      0.7036128706      1.0477958976      1.5826860069   -188.8999200399      0.0000000000
     -0.1748540009     -0.0311627219     -0.0235045536      0.0000000000      0.1717215908      0.1967483490      0.1301645927      0.0000000000
          50
      0.5302481005      0.4769817636      6.7886023701     -0.0714340638      0.0661556799      2.7296168393      0.1901549204      0.0681876957      0.2630028202      0.3697616863
      0.2799561462      0.2410660314      0.0379248960      0.0000000000
     -0.1287247696     -0.0898953515     -0.0610279941      0.0000000000
      0.9543241141      1.1870120632      1.0522990848      0.0000000000
      4.7388840900      2.2375772749      0.0548775067      0.0000000000
      0.8048346810      0.6737416657      0.6387816318      0.0000000000
     -0.2823120748     -0.1970066418     -0.3140282988      0.0000000000
      1.5808952960      1.8038861611      0.9906662537      1.0537746053     -1.0729173852   -212.2586796194      0.0000000000
     -0.2308863759     -0.0314052363     -0.0306303333     -0.0020409771      0.1913979962      0.2393068502      0.1348256782      0.3423560586
          51
      0.5107465463      0.4604393032      6.4213039920     -0.0089178702     -0.0221481829      2.8995531589      0.0019237601      0.0915622155      0.3440641218      0.2855703119
      0.3747927978      0.2489217021      0.0266647721      0.0000000000
     -0.0964734099     -0.0387423232      0.0259550999      0.0000000000
      0.9810133090      1.1925206039      1.2249585653      0.0000000000
      5.7189641938      2.4107558859      0.0306959548      0.0000000000
      0.8118911106      0.6558320305      0.6557470864      0.0000000000
     -0.3701365407     -0.2073467506     -0.1713199158      0.0000000000
      1.4849324706      1.6777438790      0.8283926681      0.6793857188      1.8323320714   -237.2887365716      0.0000000000
     -0.3198759666     -0.0675837897     -0.0226523093     -0.0030893520      0.2276081164      0.2204628662      0.0959925973      0.2636423740
          52
      0.5206825941      0.5740604435      7.1549411352     -0.0595348457     -0.0054657698      2.7836112408      0.0021355140      0.0819975312      0.3622582294      0.3309990445
      0.3597878111      0.2793384659      0.0481603891      0.0000000000
     -0.0571883038     -0.0729414518     -0.0727846854      0.0000000000
      1.0656453113      1.2077908206      1.4024965191      0.0000000000
      3.2041767395      2.2245350212      0.2349820933      0.0000000000
      0.8452837064      0.6054828112      0.5243861250      0.0000000000
     -0.2555189225     -0.1842637287     -0.2811438424      0.0000000000
      1.5702907656      1.7447425143      0.8022164261      0.9453209733     -0.0118850805   -264.4806205669      0.0000000000
     -0.4337078852     -0.0527092939     -0.0295122845     -0.0068776886      0.1984614752      0.1855884054      0.1293494561      0.3583914340
          53
      0.5783172894      0.6056744661      8.0804387607     -0.0797238338      0.0022314328      2.6433735304      0.2131151500      0.1166184999      0.5181739308      0.5074343669
      0.3483953158      0.3191803072     -0.0421245130      0.0000000000
      0.1173840158     -0.1194278914     -0.0364519542      0.0000000000
      1.0647548522      1.2008829100      1.1897619015      0.0000000000
      4.8165024871      2.3089222490      1.6498552913      0.0000000000
      0.6145799347      0.6737495019      0.9651948437      0.0000000000
     -0.2838905571     -0.1743351060     -0.2018219607      0.0000000000
      1.4675471410      1.6320675040      0.6628527792      1.1927381442      1.9667167835   -293.5801225661      0.0000000000
     -0.3852750125     -0.0428438423     -0.0221193461     -0.0175567205      0.1802991137      0.3487502952      0.1113390039      0.3360892000
          54
      0.5488257715      0.7979797409     10.5842793367     -0.0114720788      0.0072727178      2.4966404039     -0.3677903842      0.0086562483     -0.1479914039      0.3676558874
      0.3758993859      0.3120016052      0.0810245488      0.0000000000
     -0.0710832526     -0.0879523682     -0.0591991273      0.0000000000
      1.0003567097      1.1358237579      0.9996566955      0.0000000000
      3.6284987597      1.9840637398      0.2692080159      0.0000000000
      1.1465253320      0.6237610179      0.7497299182      0.0000000000
     -0.3013191046     -0.1733077871     -0.4994055623      0.0000000000
      1.9661128436      1.9943267542      1.1955576859      0.6026955253      1.5433568600   -324.5549645903      0.0000000000
     -0.4174454315     -0.0947784220     -0.1609163096      0.0000000000      0.2851002428      0.1653153832      0.3676634154      0.0000000000
          55
      0.4986732785      0.0006807236      7.1103360588      0.0951685936      0.1272800521      3.7075949420      0.7667680145      0.0520917173      0.2347793554      0.0991510137
      0.1070784896      0.0543167844      0.0000000000      0.0000000000
      0.0308329665      0.0077731952      0.0000000000      0.0000000000
      1.2392282821      1.0423221585      0.0000000000      0.0000000000
      9.8708102009      2.3816747194      0.0000000000      0.0000000000
      2.7825107033      3.4519619770      0.0000000000      0.0000000000
     -0.0818518611     -0.0983375493      0.0000000000      0.0000000000
      2.4186165439      2.6455644052      1.1213930199      1.1152311531     -0.0581928401    -19.9122594525      0.0000000000
      0.0816219461      0.0443555297     -0.0765072763      0.0000000000      0.0825263721      0.0863333495      0.1355549720      0.0000000000
          56
      0.5000159069      0.5516141621     12.3418803672     -0.0746452702      0.1394571906      3.6016964969      0.2133899197      0.0659567005      0.0142167834      0.3739271109
      0.1072517980      0.0854029950      0.0227024931      0.0000000000
      0.0054580787     -0.3650932037     -0.1571569226      0.0000000000
      0.9500840624      1.0301560023      1.1382007960      0.0000000000
     10.7911081456      0.2269945010      0.0968763081      0.0000000000
      1.9597547868      2.5335817620      2.6048398545      0.0000000000
     -0.0593254177     -0.1070324763     -0.0366344562      0.0000000000
      1.7212596962      1.8085706232      0.9599642704      1.0783117339      0.2249330015    -25.0485821442      0.0000000000
     -0.0092571041      0.1142017707     -0.0656769304      0.0000000000      1.0190656040      0.2165395730      0.2360242665      0.0000000000
          57
      0.5401271773      0.3560337653      7.6743412590     -0.2296654009      0.0713466200      2.9447394401      0.1462007632      0.0931425702      0.0030147411     -0.0910370530
      0.1969998398      0.1658696908      0.0013250485      0.0000000000
     -0.1675662057     -0.0358132868     -0.2751615328      0.0000000000
      1.0668059087      0.9968132379      0.9966273396      0.0000000000
     10.2199716415      0.3344063876     19.8230875347      0.0000000000
      2.4389183650      1.4584500469      2.3691754272      0.0000000000
     -0.1623948353     -0.1342309732     -0.1386217606      0.0000000000
      1.2492200677      1.4508588552      0.9454760089      1.0100479833      0.9765769625    -30.6870568172      0.0000000000
     -0.0128986344      0.1463613581     -0.0543536274     -0.0166686216      1.0569428110      0.1885939172      0.1923393041      0.1230538764
          58
      0.3788856145      0.3632675552      3.3906397946     -0.1216028162      0.2225417596      2.7523153573      0.2615936638      0.0854048055      0.0090465071      0.4516725383
      0.2273082997      0.0936890738      0.0403565314      0.3800215091
     -0.2608842816     -0.0294014961     -0.0490476835     -0.0356850688
      1.2041149009      1.1828271735      0.9103558359      1.0928795899
      6.9332232903      0.4426101276      7.5678434092      9.6850763936
      1.7010449327      1.7680884412      2.3419665825      4.6505411287
     -0.1355113277     -0.0453678237     -0.0851358441     -0.3434663893
      1.5601782684      1.6246883311      2.9479078792      3.8453598602      0.0264934484   -473.6562746901      0.0000000000
     -0.0198038349     -0.0049980703     -0.0213640470     -0.0034442782      0.5951138519      0.4250650949      0.1505544120      0.8441088598
          70
      0.6129392979      0.2600380920      9.0639071269     -0.0790261790      0.0658506137      2.9095287233      0.0693865919      0.0116909037      0.0195565812      0.2708370366
      0.2263728371      0.0891855094      0.0599636975      0.5096499353
     -0.0303728916     -0.0281887482     -0.0077767386     -0.0212870142
      1.0835511949      1.0143441298      0.9654576069      0.9623001339
      3.0515240345      0.9661762981      3.9777337647      4.5440751198
      0.7527976879      0.6005796186      0.6886696370      4.3300738552
     -0.1423247991     -0.0394471039     -0.1462252985     -0.1608300988
      2.1813976486      2.3519104297      0.2902883811      2.3061687921      0.8322508845  -1148.9972690648      0.0000000000
     -0.0197046446     -0.0120252104     -0.0277651032     -0.0089979392      0.7957631383      0.7506740119      0.1135912671      0.7174431881
          71
      0.6035716345      0.2353563107      8.0935674262     -0.1103912764      0.0505706530      3.0025862173      0.0763462040      0.0136991096      0.0245277448      0.2456124831
      0.1793578884      0.0498523779      0.0485359624      0.5097351217
     -0.0312603641     -0.0368793167     -0.0047667838     -0.0274260303
      1.0795063712      1.0050393611      0.9684143727      1.0065523668
      3.3612141494      0.3974213046      4.3419834134      4.5480350318
      0.7825152443      0.7924150603      0.7030021760      4.3109014772
     -0.1409924725     -0.0282459716     -0.1484284655     -0.1568872467
      2.2665533959      2.3815697972      0.2771039649      2.4446905410      0.9039826546  -1225.2191361843      0.0000000000
     -0.0119046484     -0.0088578024     -0.0301994338     -0.0095793935      1.0544930050      1.0446350068      0.1160890184      0.8720916592
          72
      0.5852154729      0.2527603867      6.7750991968     -0.1445427761      0.1228629450      2.9387065068      0.0208732807      0.0599344793      0.0227975160      0.2366288076
      0.2350232071      0.0805875239      0.0921887992      0.0000000000
     -0.0021849719     -0.0900527613     -0.0949738013      0.0000000000
      1.0597503178      0.9269372992      1.2113074114      0.0000000000
      3.2968231053      0.2523137991      3.8775341805      0.0000000000
      0.6772709671      0.6729298199      0.6316581956      0.0000000000
     -0.1822154698     -0.0578603851     -0.1896724651      0.0000000000
      1.5576796251      1.5684366621      1.0612998377      1.2005993775      0.3390251398    -46.5476335876      0.0000000000
     -0.0106958948     -0.0059298485     -0.0672215052      0.0385400002      0.8566694950      0.3878491696      0.1902176748      0.4809115127
          73
      0.6288693626      0.1816683265      7.4564452725     -0.1636775808      0.0958098971      2.7779131330      0.0058607678      0.0646020877      0.0155737551      0.2721082476
      0.2587070021      0.0917606116      0.0943264602      0.0000000000
     -0.0626878388     -0.0904799947     -0.1673823639      0.0000000000
      1.0362601789      0.9092408193      1.3390054402      0.0000000000
      2.6296765554      0.1935269732      3.6008877368      0.0000000000
      0.7187604600      0.7641618022      0.6389997172      0.0000000000
     -0.1971137367     -0.0955509133     -0.1708910107      0.0000000000
      1.5492147624      1.6396132673      1.2504880320      1.0174405355      0.0687961807    -55.1718966309      0.0000000000
     -0.0109195310     -0.0133496768     -0.0801629323     -0.0039692704      0.6498692813      0.1349856513      0.1863968153      0.2994703422
          74
      0.6191313712      0.1102127627      4.8491829123     -0.0363362770     -0.0660481222      2.7180002697      0.0196682579      0.0573412884      0.0472575858      0.2420122236
      0.2330145638      0.0793124511      0.1738904342      0.0000000000
     -0.0863302265     -0.0099558032      0.0079764905      0.0000000000
      1.1443385437      0.9305731825      1.4989770695      0.0000000000
      1.4942150017      0.1397434650      3.0592579951      0.0000000000
      0.7180163869      0.6868003626      0.5937608634      0.0000000000
     -0.1259060213     -0.0870762207     -0.1836844352      0.0000000000
      1.7586591454      1.8811483628      1.6657767191      1.0332537988      2.1950360130    -64.6899834995      0.0000000000
     -0.0054072375     -0.0159371711     -0.0723206186     -0.0049890135      0.1514571950      0.1050732538      0.2045395595      0.2949187135
          75
      0.5976364989      0.2382473121      4.6600054256     -0.0646343683     -0.0245930480      2.2326320619      0.0303551337      0.0344993602      0.0428601673      0.3677541834
      0.2351563415      0.0523727439      0.2038380720      0.0000000000
     -0.0527887370     -0.0015653880      0.0005809879      0.0000000000
      1.1414220103      0.9376796765      1.4426237335      0.0000000000
      1.3649389261      0.2362949611      2.6963952393      0.0000000000
      0.6936045075      0.4759578909      0.6073416879      0.0000000000
     -0.1584941725     -0.0487960375     -0.1435760956      0.0000000000
      2.0592023957      2.1034530057      0.6803956811      1.0270308663      0.5205323935    -75.5724260665      0.0000000000
     -0.0755038349     -0.0241958898     -0.0385343285     -0.0061867613      0.1499967061      0.1202211593      0.1817166391      0.1514481019
          76
      0.6283674793      0.1837649546      5.4572339990     -0.0693033388      0.0386756090      2.8622032595      0.0576934274      0.0603014091      0.0503696502      0.4052577976
      0.2445902937      0.1005868751      0.2310107291      0.0000000000
     -0.0386896414      0.0270408966     -0.0350437071      0.0000000000
      1.0964071149      0.9740244740      1.5837326227      0.0000000000
      2.2104356070      0.2924031719      2.7930132067      0.0000000000
      0.6177576081      0.4870820648      0.7236612692      0.0000000000
     -0.2263823091     -0.0928200473     -0.1832081544      0.0000000000
      1.7928809247      1.9377586974      0.6674960448      1.0162653965      0.9506196011    -87.2786746041      0.0000000000
     -0.0740633180     -0.0083999065     -0.0537323046     -0.0073035745      0.1143864763      0.1118486691      0.2276458672      0.1561306361
          77
      0.6345284107      0.2326013640      5.0343772023     -0.1624138924      0.0527574580      2.5673664830      0.0477752820      0.0991002468      0.0183278648      0.4457687614
      0.2438882288      0.0940204744      0.2326691696      0.0000000000
      0.0611253894     -0.0044950470     -0.0571970511      0.0000000000
      1.0761681442      0.9789769590      1.6682597190      0.0000000000
      2.1003348396      0.3179253948      2.9448117554      0.0000000000
      0.6246121173      0.4745456277      0.6721693150      0.0000000000
     -0.2067484868     -0.0937934000     -0.1541828104      0.0000000000
      1.6882613221      1.7889051731      0.7931085920      1.1682961218      0.4125851342   -100.5326336728      0.0000000000
     -0.1319309321     -0.0120735030     -0.0389150390     -0.0057373432      0.1233340894      0.1088947655      0.2474302168      0.1676895060
          78
      0.6292126676      0.3150051184      5.0482917418     -0.1863904980      0.0399173611      2.5190594293     -0.1383030602      0.0552620901      0.0114142472      0.0810359409
      0.2495169610      0.1156411216      0.2241425327      0.0000000000
      0.0606229795     -0.0123524623     -0.0515297589      0.0000000000
      1.0869728448      0.9719000043      1.3136151128      0.0000000000
      1.2120919477      0.2322381241      3.6622462408      0.0000000000
      0.6549876500      0.4490924527      0.7279266311      0.0000000000
     -0.2109724833     -0.1608038484     -0.1745735189      0.0000000000
      1.7664396966      1.7695032844      1.1086724095      1.5559938147      0.4750440734   -115.1921279134      0.0000000000
     -0.1276607409     -0.0383211405     -0.0076993711     -0.0051182801      0.1465316711      0.1640934343      0.1119674767      0.1683244092
          79
      0.6430674283      0.3943358641      6.2695888703     -0.2236100800     -0.0094590623      2.3684767647     -0.1254628648      0.0798806553     -0.0060628025     -0.3691020751
      0.1982857795      0.0992472977      0.2234942630      0.0000000000
      0.3147729008     -0.1413240219     -0.0942970934      0.0000000000
      1.2301186918      1.0423997490      1.3161369578      0.0000000000
      2.6823583106      0.0554075188      4.7168901563      0.0000000000
      0.6944554626      0.3387131390      0.7011246256      0.0000000000
     -0.2080081718     -0.2018129611     -0.2124576392      0.0000000000
      1.8263198687      1.9331359627      1.1599184978      0.7833867155     -0.0024052156   -130.6868677048      0.0000000000
     -0.0984665623     -0.0709376424     -0.0016517231     -0.0055266071      0.1270769620      0.1853365500      0.2449257657      0.1221553826
          80
      0.5192433626      0.4842320335      4.7180460431      0.0514190218      0.1657603251      2.8025776938     -0.1856823916      0.0717244658      0.3282603742     -0.0066656263
      0.1867109474      0.0510520171      0.0000000000      0.0000000000
     -0.0451687341     -0.0032709891      0.0000000000      0.0000000000
      1.2081511605      1.1586370263      0.0000000000      0.0000000000
      2.0723162215      0.0299999993      0.0000000000      0.0000000000
      0.5515430341      0.4049912471      0.0000000000      0.0000000000
     -0.1084231585     -0.0676413690      0.0000000000      0.0000000000
      2.4109034930      3.1888090755      0.9878628226      1.0121157767      0.3633371898   -152.7427026904      0.0000000000
     -0.1317420357     -0.0837300428      0.2194543978      0.0000000000      0.2549747693      0.1530273222      0.3443102737      0.0000000000
          81
      0.5123299094      0.4435262994      6.2581736581      0.0478351295      0.1731861617      2.6734510831      0.0326309556      0.0312993282      0.2948218699      0.0942402992
      0.1952518801      0.1260005805     -0.0113909826      0.0000000000
     -0.1820844091     -0.0958091682      0.0250097028      0.0000000000
      0.9611254161      1.1594673648      0.9818479235      0.0000000000
      7.2627353763      6.9864264763      0.0976636129      0.0000000000
      2.1915990565      1.6814089956      1.6317523245      0.0000000000
     -0.1404035012     -0.1452853514     -0.1374880644      0.0000000000
      1.8826520477      2.1123947037      0.6130797764      1.2694549627      0.1192916952   -171.2845267569      0.0000000000
     -0.2269925090     -0.0363453591     -0.0011015516      0.0020256622      0.2134828042      0.1030744872      0.1181518759      0.4047854835
          82
      0.4880910889      0.5203127056      6.8702476154     -0.0567227264      0.0226449213      3.0601148216      0.3551305925      0.0652147504      0.5949543125      0.3631039692
      0.2641752129      0.1832105765      0.0089495334      0.0000000000
     -0.0290738000     -0.1092442810     -0.1677170096      0.0000000000
      1.0165015089      1.1551502582      0.9992254198      0.0000000000
      8.2242606324      4.9848687671      0.3971565305      0.0000000000
      1.7360606746      1.3707586493      1.0551995169      0.0000000000
     -0.2015564104     -0.1303741816     -0.3226938740      0.0000000000
      1.6426698271      1.8557441059      0.8855343372      1.1177347186     -0.5290608890   -190.9385039435      0.0000000000
     -0.2968727262     -0.0282820441     -0.0296420547      0.0007113130      0.2178543598      0.2123130064      0.1297782313      0.4060360080
          83
      0.4864837994      0.5771092047      7.5616565025     -0.0314978216      0.0083515947      2.8918507567      0.1639534278      0.0793058919      0.6577841155      0.3779739153
      0.3663619809      0.2424111351     -0.0119120661      0.0000000000
      0.0341595631     -0.1290272742     -0.1051337275      0.0000000000
      1.0512492626      1.2433099971      1.1109643627      0.0000000000
      6.9549731654      4.3109815641      0.0980777235      0.0000000000
      1.8234486340      1.2779863361      0.9008038894      0.0000000000
     -0.2180687369     -0.1785731012     -0.2412925289      0.0000000000
      1.5114378906      1.7183220634      1.0374399085      0.7107810060      1.9263548526   -211.8394778074      0.0000000000
     -0.3274777113     -0.0752716752     -0.0445346948     -0.0029951772      0.2280262836      0.2393890293      0.1637800747      0.3995115250
          84
      0.5248161695      0.6762790023      9.3424711931      0.0065417570     -0.0300951444      2.7224843991      0.1919132435      0.0732242266      0.2745869951      0.3186275934
      0.2962826182      0.2567055376      0.1182518447      0.0000000000
     -0.3484442201      0.0343803837      0.1617196771      0.0000000000
      0.9076953790      1.1726010384      1.3169905183      0.0000000000
      2.3375959222      4.2581881331      0.3726644250      0.0000000000
      1.3075274065      1.2599909731      1.3829776206      0.0000000000
     -0.1196478934     -0.1696738161     -0.4433262422      0.0000000000
      1.5204581194      1.6829359180      0.7639444857      0.9269491712      1.4477228619   -234.7130528601      0.0000000000
     -0.4487170517     -0.0559980183     -0.0261018237      0.0000000000      0.2713869210      0.1693184588      0.1339078956      0.0000000000
          85
      0.5497272916      0.5168356557      9.6643201146     -0.0380172734      0.0096866145      2.6673230019     -0.1705169584      0.1062900108      0.4955851859      0.5592991331
      0.4221053124      0.2472063126      0.1460907740      0.0000000000
     -0.2759905707     -0.0108829408     -0.3385755009      0.0000000000
      1.0954087800      1.2327131817      1.2423513263      0.0000000000
      2.7355031456      3.8348508191      0.0767294764      0.0000000000
      3.0000000000      1.2921797213      1.8042594901      0.0000000000
     -0.0848151735     -0.1373795600     -0.5314430742      0.0000000000
      1.4792149921      1.6901146640      0.6082225501      1.2331607126      0.1440071744   -259.0012055900      0.0000000000
     -0.2730050044     -0.0907907144     -0.0305522887      0.0000000000      0.3715769474      0.1802097537      0.2037465736      0.0000000000
          86
      0.5466673380      0.6316483052     10.5724407127     -0.0386694661      0.2441064456      2.0491342307      0.0220061594      0.0512787015      0.3548767864      0.3961411546
      0.3634418215      0.2806095704      0.0444577520      0.0000000000
      0.0552285336     -0.3005343001      0.1086516517      0.0000000000
      1.1039520987      1.1007335461      1.1193988883      0.0000000000
      3.4385190457      3.4345372000      0.4493949549      0.0000000000
      2.0790258972      1.2047136600      1.8037645837      0.0000000000
     -0.1111829103     -0.1434340471     -0.3335167039      0.0000000000
      1.7485368382      1.8164204655      0.8743453703      1.1717141757      0.1823667403   -284.5808001245      0.0000000000
     -0.2698603182     -0.1479417585     -0.0678071736      0.0000000000      0.1190713797      0.4375870318      0.3614778580      0.0000000000
          87
      0.4136163801      0.0735070640      4.5663967774      0.1228574510      0.2134481229      3.8267577334      0.4017725415      0.1534690314      0.0071320406     -0.4371482254
      0.0457860379      0.0687437755      0.0000000000      0.0000000000
      0.0596815825      0.1185798314      0.0000000000      0.0000000000
      1.2364012531      1.6540254458      0.0000000000      0.0000000000
     12.1595078528      2.7341392101      0.0000000000      0.0000000000
      2.6810022638      3.7963199904      0.0000000000      0.0000000000
     -0.0157474258     -0.1014579079      0.0000000000      0.0000000000
      1.6385468229      2.0460647085     -0.0191503312     -4.0903148402    -16.4053156041    -18.9580459151      0.0000000000
      0.0855464863      0.0027071074      0.0185947373      0.0000000000      0.1200000015      0.1200000015      0.1000000015      0.0000000000
          88
      0.4400532611      0.0973102659      7.8318408274      0.1276148998      0.0841566120      3.6586457527      0.0274282330      0.0970010036     -0.0013200932      0.1821101615
      0.0978108228      0.0834759143      0.0376148512      0.0000000000
      0.0184958866      0.0001651371     -0.0231650581      0.0000000000
      1.0427270059      0.9920703997      1.2710737909      0.0000000000
     12.2116233895      0.0991596896      0.4456410190      0.0000000000
      2.0516660209      2.5534262270      2.6678866371      0.0000000000
     -0.0479382172     -0.0829279421     -0.0338169154      0.0000000000
      1.7237899735      1.7443909321     -1.3337825571      1.8223035757      0.0427464945    -23.6017180273      0.0000000000
      0.0099314973      0.0231932505     -0.0424237138      0.0000000000      0.1160142621      0.1451717309      0.7394780752      0.0000000000
          89
      0.4072257273      0.1587858926      7.0314170077      0.0841066064      0.0224825192      3.4749316222     -0.0063705448      0.0378360502     -0.0014398799      0.5923550487
      0.0863102382      0.0521842814      0.1000295760      0.0266200610
      0.0303845724      0.0039140319     -0.0528261405     -0.0219319818
      1.0633479768      1.0680170433      1.3326272038      1.5139449996
      8.9067532915      0.1238972842      8.2727124192      0.2045227230
      2.3838205326      3.1378739236      3.0377368298      0.8351147754
     -0.0005656628     -0.0094669994     -0.1213778031     -0.1108914705
      2.1228910809      2.4343218439      0.0638646721      1.4193389558      1.5914901994   -374.7807794904      0.0000000000
     -0.0020625728     -0.0014417800     -0.0100889581     -0.0624363057      0.1815363820      0.4685399789      0.1908004775      0.1388160354
          92
      0.4549792089      0.2425074508      8.6433971330      0.1389283586      0.1339265505      2.7371609758      0.0714274854      0.0038958430      0.0457805450      0.2167398481
      0.3591006595      0.1190134146      0.1424844770      0.2156137281
      0.0348018948      0.0032701668     -0.0237370745     -0.1317000980
      1.0573100521      1.2140539841      1.7059973141      1.1756280268
      0.9873492566      0.5461065597      3.3359803053      6.9859802582
      1.6764103052      1.0300227448      2.1006565052      2.5327993702
     -0.2554978681     -0.0987542330     -0.1318827306     -0.2528659420
      2.1156493037      3.0420061013      0.4517468547      1.0617238459      0.4127023539   -474.8109154171      0.0000000000
     -0.0517352662     -0.0223940946     -0.0107648270     -0.0508428057      0.6008043699      0.4793010573      0.1867655401      0.1505163401
